General model:
     f(x) = f0+f1*exp(-0.001*x/tau1)+f2*exp(-0.001*x/tau2)+f3*exp(-0.001*x/tau3)
Coefficients (with 95% confidence bounds):
       f0 =       2.451  (2.451, 2.451)
       f1 =      0.1002  (0.09978, 0.1007)
       f2 =     0.07736  (0.07707, 0.07764)
       f3 =     0.07782  (0.07774, 0.0779)
       tau1 =       1.452  (1.439, 1.465)
       tau2 =       12.51  (12.43, 12.58)
       tau3 =       140.7  (140.1, 141.4)